5
72 77 7 10
45 99 77 77
4 81 10 54
17 96 12 73
52 57 56 70
41 93
74 21
5
20 23 33 52
5 37 10 97
26 100 92 37
78 99 81 87
65 26 25 68
16 42
57 60
5
4 10 6 17
23 77 59 35
20 100 1 64
83 47 36 88
54 98 96 62
92 58
48 23
5
80 37 25 95
31 54 21 87
33 94 94 49
0 6 31 46
84 86 81 100
19 36
69 1
5
80 89 77 94
38 97 67 69
32 39 28 47
5 85 45 100
68 34 15 76
65 87
83 91
3
48 100 93 59
79 88 88 92
0 44 34 19
64 1
12 51
2
30 10 30 75
60 30 60 95
90 0
0 100
5
8 0 8 60
16 16 16 48
16 10 28 30
16 52 28 34
100 0 100 50
24 0
24 64
1
83 84 61 78
69 70
53 61
5
4 42 32 8
7 45 33 17
19 51 30 60
23 93 85 29
27 98 3 88
57 9
57 72
1
20 81 90 90
10 90
90 10
3
49 49 43 55
13 90 72 14
2 65 11 69
61 45
89 72
4
8 0 8 60
16 16 16 48
16 10 28 30
16 52 28 34
24 0
24 64
5
15 41 33 19
11 40 30 20
89 17 4 89
1 86 6 69
71 67 65 88
75 68
53 72
4
65 91 74 82
39 74 61 57
7 88 29 97
2 98 16 43
67 9
49 77
5
49 62 15 25
51 64 44 84
33 37 9 20
80 82 75 88
14 76 18 94
34 51
67 51
4
40 41 49 62
28 42 10 22
79 97 83 99
76 70 69 88
44 89
15 22
5
35 54 41 57
41 53 57 73
2 85 27 92
21 19 2 29
21 61 54 31
24 81
32 3
5
61 65 88 89
33 67 5 99
71 80 54 70
1 19 80 99
25 51 3 69
66 82
50 7
2
10 0 10 58
20 20 20 58
0 70
30 0
4
34 84 73 51
28 80 63 41
73 83 55 72
7 71 62 7
92 79
76 7
5
17 92 48 89
68 78 84 98
46 17 11 53
39 88 11 90
29 95 1 99
87 28
3 25
5
53 88 6 89
7 25 6 15
2 66 51 16
73 90 76 81
75 21 10 80
4 66
97 44
5
54 18 18 60
11 95 89 26
5 92 87 22
77 58 48 92
52 74 66 52
63 13
5 50
4
37 56 3 4
84 90 49 64
47 48 70 70
52 56 22 32
71 79
24 59
5
90 90 52 53
75 81 69 88
53 43 27 59
22 22 36 52
10 46 4 73
40 38
2 33
4
68 36 19 81
30 55 39 40
56 82 74 56
61 31 17 70
96 53
26 93
5
34 37 22 34
72 72 57 77
1 13 12 85
41 72 11 94
43 85 66 61
25 99
32 50
5
79 42 41 82
82 86 68 91
29 44 30 32
44 52 30 46
39 100 82 49
23 95
47 1
5
32 43 24 36
38 16 9 38
11 92 1 73
56 30 18 72
57 67 64 61
100 90
5 59
5
49 54 46 52
15 66 51 23
13 49 38 28
49 55 75 87
84 87 77 98
33 41
28 16
5
78 97 63 76
53 42 31 55
44 69 54 62
51 96 2 93
17 85 1 44
66 87
82 66
3
38 85 85 43
18 65 63 31
1 75 28 97
67 1
47 90
4
9 80 58 93
71 85 69 88
46 46 28 53
45 9 5 57
81 77
31 50
0