243.13468791659756
85.18326660640113
185.01615634374247
61.05170915167933
65.39833974673175
72.13875518748573
180.27756377319946
90.50966799187809
18.35755975068582
194.80511730839606
113.13708498984759
38.89730067755343
90.50966799187809
52.28678580694888
142.78021697796223
39.97194550827012
79.20858539325135
208.18735465232959
83.05285313556259
98.99494936611666
73.75635565834303
180.44015745041293
117.07037482252406
148.92177851470470
57.62415708034632
110.29801130861097
120.73587954273235
89.87892426484284
119.69658619608691
172.66291844133778
38.09168195818245
27.65870819629796
156.34368990793115
108.24607873391116
