243.13468791659756
18.14919117465567
185.01615634374249
54.32315773788001
65.39833974673175
72.13875518748573
180.27756377319946
90.50966799187809
18.35755975068582
194.80511730839606
113.13708498984759
22.94512469209029
90.50966799187809
44.25990125434971
142.78021697796223
28.12113119705495
79.20858539325135
208.18735465232953
69.58691505279579
98.99494936611666
73.75635565834303
180.44015745041293
86.74981787095524
148.92177851470464
50.61644716719616
110.29801130861097
120.73587954273233
89.87892426484287
119.69658619608693
172.66291844133778
15.13231201078483
18.99146323155944
156.34368990793118
108.24607873391115
